Epoch: 22 || Train Loss: 0.004141 
Epoch: 22 || Val Loss: 0.074034 || Val Acc: 0.872 

